image: circle.png
resolution: 0.050000
origin: [-15.206540, -27.020793, 0.000000]
negate: 0
occupied_thresh: 0.65
free_thresh: 0.196
